4 0.111302 0.412537 0.222604 0.508874 0.522476
4 0.109498 0.405142 0.218996 0.505387 0.44205
4 0.106956 0.393136 0.213913 0.501672 0.26895
4 0.0920874 0.398264 0.183098 0.491024 0.368575
1 0.762266 0.914971 0.209569 0.170059 0.28244
1 0.763975 0.914546 0.201119 0.170909 0.260115
1 0.763622 0.915025 0.203506 0.16995 0.397658
1 0.762271 0.914173 0.206943 0.171653 0.37131
3 0.126005 0.41975 0.25201 0.509139 0.251459
4 0.130932 0.42378 0.261864 0.504321 0.251022
4 0.133468 0.427018 0.266937 0.500899 0.30394
4 0.133086 0.40714 0.266173 0.486002 0.569979
1 0.763138 0.91446 0.214651 0.171081 0.250732
4 0.210858 0.854646 0.421715 0.287519 0.367318
4 0.225807 0.208192 0.373032 0.41561 0.307213
4 0.219918 0.201469 0.410539 0.402276 0.254605
4 0.236429 0.194005 0.429762 0.387635 0.357978
4 0.239257 0.851787 0.478515 0.294774 0.505341
4 0.235379 0.190024 0.452116 0.379698 0.50293
4 0.240791 0.190925 0.461525 0.381381 0.343474
4 0.24699 0.195369 0.490498 0.390291 0.477375
4 0.251217 0.194365 0.491712 0.388309 0.288954
4 0.259954 0.193227 0.515558 0.385747 0.644433
4 0.302564 0.895685 0.605128 0.208631 0.250872
4 0.261452 0.193648 0.519565 0.386641 0.582076
4 0.271307 0.196941 0.537126 0.393362 0.47718
4 0.220042 0.188469 0.439853 0.376938 0.521066
4 0.211138 0.197171 0.422276 0.393788 0.572557
6 0.168813 0.15877 0.148283 0.168715 0.35871
4 0.277016 0.224401 0.554031 0.447709 0.500206
4 0.319433 0.225344 0.638866 0.440318 0.668164
4 0.323457 0.225384 0.646914 0.444232 0.686748
4 0.341758 0.226343 0.683517 0.452141 0.682574
4 0.369899 0.224522 0.632578 0.446316 0.743815
4 0.376359 0.214549 0.626679 0.42903 0.576379
4 0.355871 0.210932 0.659147 0.421042 0.440466
4 0.38145 0.225717 0.603402 0.450745 0.64505
4 0.377952 0.227217 0.611652 0.453934 0.693681
4 0.368482 0.225418 0.638437 0.449817 0.691623
4 0.380057 0.227575 0.592955 0.454454 0.551016
4 0.368385 0.221799 0.633925 0.442614 0.465047
4 0.380502 0.223213 0.617294 0.445948 0.50091
4 0.397578 0.22696 0.589265 0.453718 0.66219
4 0.406741 0.228876 0.571728 0.457261 0.471991
4 0.410672 0.23049 0.569278 0.460661 0.516588
4 0.4052 0.257726 0.567572 0.514494 0.371807
4 0.409825 0.260962 0.570462 0.519614 0.422351
4 0.413784 0.268972 0.59163 0.536171 0.523192
4 0.441913 0.294478 0.635752 0.587714 0.386104
4 0.43291 0.283738 0.632267 0.566536 0.26122
4 0.469129 0.5 0.582347 1 0.762593
4 0.484104 0.5 0.570283 1 0.660065
4 0.498732 0.500066 0.55113 0.999867 0.726009
4 0.497815 0.500214 0.540128 0.999572 0.593175
4 0.474355 0.5 0.569682 1 0.44068
4 0.448288 0.5 0.630577 1 0.294046
4 0.373018 0.49651 0.687123 0.989425 0.329693
4 0.367574 0.499132 0.61413 0.998264 0.286382
4 0.269797 0.493711 0.53045 0.987422 0.301973
1 0.493414 0.502184 0.986162 0.995632 0.41833
1 0.430819 0.50002 0.861637 0.99996 0.647079
1 0.493452 0.502016 0.983331 0.995968 0.560335
1 0.479218 0.502001 0.953069 0.995997 0.491835
1 0.496706 0.502736 0.991326 0.994528 0.703734
4 0.470654 0.503826 0.941307 0.992348 0.254976
1 0.484927 0.50364 0.963511 0.99272 0.649307
1 0.494895 0.505115 0.981973 0.989771 0.642244
4 0.23968 0.501581 0.476897 0.994128 0.625529
1 0.459364 0.504526 0.905376 0.990947 0.546354
4 0.236953 0.500158 0.470704 0.990966 0.534822
4 0.237221 0.497678 0.471116 0.987645 0.623959
1 0.412476 0.503866 0.808104 0.992267 0.254766
1 0.49057 0.504537 0.970539 0.990926 0.612224
4 0.237162 0.497093 0.470538 0.985729 0.302922
4 0.235338 0.499346 0.468328 0.990411 0.655496
1 0.453391 0.504828 0.888773 0.990343 0.396502
4 0.238027 0.497663 0.471998 0.987675 0.609151
4 0.236538 0.500839 0.463975 0.977336 0.545614
4 0.2345 0.50528 0.459441 0.976498 0.342185
4 0.416648 0.505206 0.707981 0.748766 0.390598
4 0.386993 0.501178 0.718155 0.734942 0.402858
4 0.383656 0.470071 0.741448 0.827839 0.328544
4 0.39258 0.46593 0.698731 0.91777 0.288258
4 0.380806 0.493738 0.737135 0.984975 0.604956
4 0.382027 0.5 0.743099 1 0.508145
4 0.388643 0.495122 0.758124 0.990243 0.410196
6 0.420773 0.597393 0.105628 0.140809 0.43578
4 0.375931 0.427211 0.670425 0.853431 0.3763
6 0.414768 0.616477 0.113998 0.145482 0.605034
4 0.377331 0.458463 0.670387 0.916902 0.251655
6 0.412444 0.620903 0.119451 0.151196 0.617273
6 0.4092 0.628754 0.108712 0.149191 0.639023
4 0.359432 0.457386 0.718863 0.914773 0.288156
6 0.401429 0.633437 0.1141 0.142007 0.667304
6 0.379409 0.63935 0.116918 0.145388 0.622683
6 0.353014 0.649004 0.121728 0.156567 0.471031
6 0.340473 0.665708 0.118727 0.157298 0.461602
6 0.31933 0.682499 0.122848 0.16021 0.565824
6 0.310893 0.689893 0.112543 0.160325 0.500439
6 0.302366 0.698325 0.120817 0.159803 0.49258
6 0.297455 0.707197 0.115115 0.16354 0.439178
6 0.29418 0.709069 0.120602 0.163718 0.376898
6 0.287601 0.702338 0.121001 0.162104 0.406574
6 0.286004 0.701783 0.120779 0.162096 0.443375
6 0.292704 0.708141 0.12107 0.168264 0.312881
6 0.294622 0.713805 0.12712 0.167365 0.260596
6 0.294348 0.72701 0.125423 0.169706 0.311415
6 0.295331 0.745986 0.130817 0.167056 0.420218
6 0.293819 0.749363 0.133572 0.164797 0.402491
6 0.284982 0.757349 0.120541 0.169608 0.360762
6 0.282209 0.766777 0.123403 0.169404 0.250385
6 0.276396 0.777498 0.122804 0.172685 0.329869
6 0.266045 0.787833 0.129728 0.177471 0.285112
6 0.236467 0.812463 0.13047 0.170738 0.328214
6 0.227105 0.813083 0.123309 0.171221 0.341118
6 0.218758 0.798384 0.131542 0.176081 0.304642
6 0.208263 0.797628 0.121125 0.165579 0.312196
6 0.130954 0.822801 0.116067 0.152844 0.262206
6 0.0724627 0.629398 0.102274 0.160319 0.68261
6 0.164465 0.656989 0.10206 0.147791 0.433129
3 0.335985 0.477298 0.413875 0.93973 0.255583
3 0.332014 0.44971 0.408336 0.889474 0.284765
4 0.285362 0.479175 0.428803 0.957838 0.295263
4 0.276738 0.484932 0.445237 0.963326 0.251518
4 0.249202 0.475266 0.493415 0.943787 0.312403
4 0.234284 0.493184 0.468567 0.975405 0.263746
4 0.252839 0.386161 0.504379 0.77166 0.475764
6 0.0812226 0.39535 0.0750881 0.0966842 0.294282
6 0.0854612 0.402507 0.0725585 0.0974055 0.404964
6 0.0864575 0.409296 0.0729708 0.0987066 0.514102
6 0.0882675 0.424854 0.0711345 0.102906 0.456801
1 0.482206 0.747872 0.337867 0.504257 0.537442
1 0.487546 0.74321 0.346952 0.51358 0.520879
1 0.491898 0.732035 0.341924 0.535929 0.263477
1 0.511798 0.725156 0.35429 0.549689 0.261302
1 0.530288 0.725419 0.341833 0.549162 0.270018
1 0.534177 0.725337 0.343641 0.549325 0.267333
1 0.536977 0.726611 0.339318 0.546778 0.545418
1 0.53985 0.727276 0.334505 0.545449 0.479603
